0 0.157452 0.431490 0.122596 0.146635
0 0.157452 0.435096 0.093750 0.125000
0 0.811298 0.367788 0.103365 0.100962
0 0.816106 0.359375 0.103365 0.117788
0 0.377404 0.406250 0.081731 0.086538
0 0.561298 0.421875 0.084135 0.088942
2 0.205529 0.671875 0.286058 0.598558
2 0.418269 0.579327 0.206731 0.432692
2 0.587740 0.563702 0.189904 0.353365
2 0.853365 0.593750 0.254808 0.562500
1 0.210337 0.774038 0.300481 0.427885
1 0.425481 0.677885 0.192308 0.341346
1 0.586538 0.600962 0.163462 0.259615
1 0.870192 0.707933 0.259615 0.401442
