5 0.527644 0.135817 0.122596 0.180288
5 0.519231 0.112981 0.100962 0.139423
5 0.254808 0.329327 0.067308 0.105769
5 0.056490 0.337740 0.069712 0.098558
5 0.777644 0.331731 0.088942 0.129808
1 0.546875 0.649038 0.305288 0.701923
1 0.269231 0.594952 0.163462 0.396635
1 0.076923 0.614183 0.134615 0.372596
1 0.944712 0.582933 0.110577 0.310096
2 0.549279 0.514423 0.329327 0.913462
2 0.266827 0.550481 0.149038 0.543269
2 0.078125 0.539663 0.141827 0.512019
2 0.794471 0.540865 0.151442 0.533654
2 0.936298 0.532452 0.127404 0.415865
