0 0.422601 0.323718 0.083591 0.211538
0 0.044892 0.266026 0.065015 0.185897
0 0.204334 0.301282 0.049536 0.128205
0 0.905573 0.246795 0.089783 0.237179
0 0.718266 0.304487 0.055728 0.160256
0 0.487616 0.298077 0.046440 0.147436
1 0.071207 0.730769 0.136223 0.538462
1 0.205882 0.576923 0.114551 0.384615
1 0.452012 0.766026 0.309598 0.467949
1 0.724458 0.586538 0.167183 0.326923
2 0.470588 0.628205 0.191950 0.743590
2 0.075851 0.583333 0.145511 0.833333
2 0.212074 0.496795 0.114551 0.506410
2 0.910217 0.580128 0.179567 0.839744
2 0.739938 0.493590 0.117647 0.500000
