1 0.329966 0.700000 0.202020 0.588235
1 0.696970 0.691176 0.276094 0.617647
1 0.180135 0.623529 0.151515 0.588235
1 0.074074 0.476471 0.107744 0.341176
1 0.525253 0.535294 0.134680 0.435294
1 0.885522 0.638235 0.175084 0.570588
5 0.338384 0.194118 0.090909 0.188235
5 0.198653 0.200000 0.080808 0.188235
5 0.693603 0.129412 0.087542 0.211765
5 0.873737 0.232353 0.070707 0.170588
5 0.521886 0.226471 0.047138 0.123529
5 0.082492 0.197059 0.043771 0.111765
2 0.338384 0.541176 0.178451 0.882353
2 0.705387 0.497059 0.225589 0.935294
2 0.887205 0.520588 0.158249 0.758824
2 0.202020 0.511765 0.121212 0.811765
2 0.070707 0.382353 0.101010 0.482353
2 0.526936 0.452941 0.111111 0.611765
