0 0.112426 0.194631 0.088757 0.295302
0 0.338757 0.224832 0.073964 0.234899
0 0.501479 0.214765 0.079882 0.241611
0 0.714497 0.278523 0.079882 0.248322
0 0.917160 0.285235 0.076923 0.234899
0 0.605030 0.228188 0.062130 0.187919
0 0.810651 0.234899 0.082840 0.241611
0 0.247041 0.191275 0.068047 0.194631
1 0.102071 0.751678 0.180473 0.496644
1 0.326923 0.741611 0.168639 0.503356
1 0.504438 0.771812 0.233728 0.456376
1 0.726331 0.758389 0.204142 0.483221
1 0.906805 0.748322 0.186391 0.503356
2 0.112426 0.536913 0.177515 0.899329
2 0.346154 0.543624 0.106509 0.818792
2 0.507396 0.553691 0.156805 0.865772
2 0.726331 0.583893 0.174556 0.818792
2 0.921598 0.587248 0.156805 0.825503
