1 0.093645 0.907738 0.160535 0.184524
1 0.302676 0.898810 0.197324 0.202381
1 0.500000 0.907738 0.157191 0.172619
1 0.698997 0.904762 0.173913 0.178571
1 0.892977 0.904762 0.193980 0.190476
1 0.102007 0.705357 0.197324 0.196429
1 0.306020 0.699405 0.183946 0.172619
1 0.505017 0.681548 0.173913 0.196429
1 0.692308 0.705357 0.167224 0.184524
1 0.891304 0.693452 0.197324 0.196429
1 0.138796 0.449405 0.237458 0.315476
1 0.302676 0.428571 0.143813 0.261905
1 0.456522 0.437500 0.157191 0.255952
1 0.633779 0.446429 0.217391 0.285714
1 0.785953 0.431548 0.133779 0.291667
1 0.904682 0.434524 0.150502 0.321429
