0 0.501479 0.214765 0.085799 0.268456
0 0.107988 0.177852 0.085799 0.234899
0 0.708580 0.265101 0.079882 0.234899
0 0.340237 0.238255 0.082840 0.248322
0 0.810651 0.234899 0.065089 0.228188
0 0.609467 0.221477 0.065089 0.201342
0 0.248521 0.177852 0.076923 0.221477
0 0.430473 0.194631 0.073964 0.201342
0 0.170118 0.177852 0.056213 0.181208
1 0.096154 0.734899 0.168639 0.530201
1 0.321006 0.744966 0.162722 0.510067
1 0.501479 0.778523 0.180473 0.442953
1 0.717456 0.758389 0.168639 0.483221
1 0.917160 0.758389 0.165680 0.483221
2 0.094675 0.543624 0.153846 0.912752
2 0.341716 0.560403 0.115385 0.879195
2 0.497041 0.520134 0.136095 0.852349
2 0.723373 0.550336 0.156805 0.791946
2 0.924556 0.583893 0.150888 0.832215
