5 0.361779 0.234375 0.108173 0.223558
5 0.653846 0.256010 0.115385 0.228365
5 0.368990 0.250000 0.108173 0.288462
5 0.370192 0.216346 0.091346 0.221154
5 0.649038 0.237981 0.110577 0.216346
5 0.658654 0.236779 0.081731 0.209135
6 0.457933 0.187500 0.098558 0.235577
6 0.448317 0.183894 0.079327 0.218750
6 0.751202 0.243990 0.117788 0.233173
6 0.746394 0.224760 0.098558 0.237981
1 0.311298 0.712740 0.367788 0.574519
1 0.644231 0.722356 0.341346 0.555288
2 0.310096 0.546875 0.264423 0.867788
2 0.638221 0.579327 0.237981 0.841346
4 0.469952 0.246394 0.117788 0.338942
4 0.764423 0.332933 0.129808 0.454327
