1 0.172757 0.694611 0.159468 0.455090
1 0.509967 0.655689 0.156146 0.473054
1 0.317276 0.595808 0.096346 0.377246
1 0.734219 0.664671 0.139535 0.383234
1 0.951827 0.673653 0.096346 0.437126
5 0.350498 0.302395 0.063123 0.161677
5 0.172757 0.380240 0.046512 0.137725
5 0.519934 0.347305 0.063123 0.143713
5 0.737542 0.386228 0.059801 0.137725
0 0.428571 0.335329 0.059801 0.131737
2 0.171096 0.580838 0.089701 0.538922
2 0.323920 0.511976 0.102990 0.556886
2 0.513289 0.565868 0.109635 0.544910
2 0.725914 0.607784 0.129568 0.592814
2 0.852159 0.580838 0.102990 0.562874
